
[Name]
BC_2000

[Data]
X [ m ], Y [ m ], Z [ m ], X [ m ], Y [ m ]
2.50000000e-01, 6.00117333e-02, 0.00000000e+00, 2.50000000e-01, 6.00117333e-02
2.50000000e-01, 6.00117333e-02, 1.00000000e+00, 2.50000000e-01, 6.00117333e-02
2.62352914e-01, 6.05304614e-02, 1.00000000e+00, 2.62352914e-01, 6.05304614e-02
2.62352914e-01, 6.05304614e-02, 0.00000000e+00, 2.62352914e-01, 6.05304614e-02
2.74669439e-01, 6.09515086e-02, 1.00000000e+00, 2.74669439e-01, 6.09515086e-02
2.74669439e-01, 6.09515086e-02, 0.00000000e+00, 2.74669439e-01, 6.09515086e-02
2.86948830e-01, 6.12999722e-02, 1.00000000e+00, 2.86948830e-01, 6.12999722e-02
2.86948830e-01, 6.12999722e-02, 0.00000000e+00, 2.86948830e-01, 6.12999722e-02
2.99187392e-01, 6.15643226e-02, 1.00000000e+00, 2.99187392e-01, 6.15643226e-02
2.99187392e-01, 6.15643226e-02, 0.00000000e+00, 2.99187392e-01, 6.15643226e-02
3.11388105e-01, 6.17486313e-02, 1.00000000e+00, 3.11388105e-01, 6.17486313e-02
3.11388105e-01, 6.17486313e-02, 0.00000000e+00, 3.11388105e-01, 6.17486313e-02
3.23548019e-01, 6.18663952e-02, 1.00000000e+00, 3.23548019e-01, 6.18663952e-02
3.23548019e-01, 6.18663952e-02, 0.00000000e+00, 3.23548019e-01, 6.18663952e-02
3.35667908e-01, 6.19185902e-02, 1.00000000e+00, 3.35667908e-01, 6.19185902e-02
3.35667908e-01, 6.19185902e-02, 0.00000000e+00, 3.35667908e-01, 6.19185902e-02
3.47748667e-01, 6.19047582e-02, 1.00000000e+00, 3.47748667e-01, 6.19047582e-02
3.47748667e-01, 6.19047582e-02, 0.00000000e+00, 3.47748667e-01, 6.19047582e-02
3.59788388e-01, 6.18323199e-02, 1.00000000e+00, 3.59788388e-01, 6.18323199e-02
3.59788388e-01, 6.18323199e-02, 0.00000000e+00, 3.59788388e-01, 6.18323199e-02
3.71786773e-01, 6.16979972e-02, 1.00000000e+00, 3.71786773e-01, 6.16979972e-02
3.71786773e-01, 6.16979972e-02, 0.00000000e+00, 3.71786773e-01, 6.16979972e-02
3.83746028e-01, 6.15088046e-02, 1.00000000e+00, 3.83746028e-01, 6.15088046e-02
3.83746028e-01, 6.15088046e-02, 0.00000000e+00, 3.83746028e-01, 6.15088046e-02
3.95663023e-01, 6.12656176e-02, 1.00000000e+00, 3.95663023e-01, 6.12656176e-02
3.95663023e-01, 6.12656176e-02, 0.00000000e+00, 3.95663023e-01, 6.12656176e-02
4.07541186e-01, 6.09716736e-02, 1.00000000e+00, 4.07541186e-01, 6.09716736e-02
4.07541186e-01, 6.09716736e-02, 0.00000000e+00, 4.07541186e-01, 6.09716736e-02
4.19376701e-01, 6.06311969e-02, 1.00000000e+00, 4.19376701e-01, 6.06311969e-02
4.19376701e-01, 6.06311969e-02, 0.00000000e+00, 4.19376701e-01, 6.06311969e-02
4.31171805e-01, 6.02449588e-02, 1.00000000e+00, 4.31171805e-01, 6.02449588e-02
4.31171805e-01, 6.02449588e-02, 0.00000000e+00, 4.31171805e-01, 6.02449588e-02
4.42926973e-01, 5.98090626e-02, 1.00000000e+00, 4.42926973e-01, 5.98090626e-02
4.42926973e-01, 5.98090626e-02, 0.00000000e+00, 4.42926973e-01, 5.98090626e-02
4.54640508e-01, 5.93370683e-02, 1.00000000e+00, 4.54640508e-01, 5.93370683e-02
4.54640508e-01, 5.93370683e-02, 0.00000000e+00, 4.54640508e-01, 5.93370683e-02
4.66313183e-01, 5.88181615e-02, 1.00000000e+00, 4.66313183e-01, 5.88181615e-02
4.66313183e-01, 5.88181615e-02, 0.00000000e+00, 4.66313183e-01, 5.88181615e-02
4.77945685e-01, 5.82628213e-02, 1.00000000e+00, 4.77945685e-01, 5.82628213e-02
4.77945685e-01, 5.82628213e-02, 0.00000000e+00, 4.77945685e-01, 5.82628213e-02
4.89538014e-01, 5.76740615e-02, 1.00000000e+00, 4.89538014e-01, 5.76740615e-02
4.89538014e-01, 5.76740615e-02, 0.00000000e+00, 4.89538014e-01, 5.76740615e-02
5.01088202e-01, 5.70415594e-02, 1.00000000e+00, 5.01088202e-01, 5.70415594e-02
5.01088202e-01, 5.70415594e-02, 0.00000000e+00, 5.01088202e-01, 5.70415594e-02
5.12599111e-01, 5.63779995e-02, 1.00000000e+00, 5.12599111e-01, 5.63779995e-02
5.12599111e-01, 5.63779995e-02, 0.00000000e+00, 5.12599111e-01, 5.63779995e-02
5.24068654e-01, 5.56799397e-02, 1.00000000e+00, 5.24068654e-01, 5.56799397e-02
5.24068654e-01, 5.56799397e-02, 0.00000000e+00, 5.24068654e-01, 5.56799397e-02
5.35499871e-01, 5.49481772e-02, 1.00000000e+00, 5.35499871e-01, 5.49481772e-02
5.35499871e-01, 5.49481772e-02, 0.00000000e+00, 5.35499871e-01, 5.49481772e-02
5.46888232e-01, 5.41847460e-02, 1.00000000e+00, 5.46888232e-01, 5.41847460e-02
5.46888232e-01, 5.41847460e-02, 0.00000000e+00, 5.46888232e-01, 5.41847460e-02
5.58238566e-01, 5.33917397e-02, 1.00000000e+00, 5.58238566e-01, 5.33917397e-02
5.58238566e-01, 5.33917397e-02, 0.00000000e+00, 5.58238566e-01, 5.33917397e-02
5.69548666e-01, 5.25759235e-02, 1.00000000e+00, 5.69548666e-01, 5.25759235e-02
5.69548666e-01, 5.25759235e-02, 0.00000000e+00, 5.69548666e-01, 5.25759235e-02
5.80817521e-01, 5.17207272e-02, 1.00000000e+00, 5.80817521e-01, 5.17207272e-02
5.80817521e-01, 5.17207272e-02, 0.00000000e+00, 5.80817521e-01, 5.17207272e-02
5.92047215e-01, 5.08473329e-02, 1.00000000e+00, 5.92047215e-01, 5.08473329e-02
5.92047215e-01, 5.08473329e-02, 0.00000000e+00, 5.92047215e-01, 5.08473329e-02
6.03238702e-01, 4.99453582e-02, 1.00000000e+00, 6.03238702e-01, 4.99453582e-02
6.03238702e-01, 4.99453582e-02, 0.00000000e+00, 6.03238702e-01, 4.99453582e-02
6.14389002e-01, 4.90206592e-02, 1.00000000e+00, 6.14389002e-01, 4.90206592e-02
6.14389002e-01, 4.90206592e-02, 0.00000000e+00, 6.14389002e-01, 4.90206592e-02
6.25500143e-01, 4.80664670e-02, 1.00000000e+00, 6.25500143e-01, 4.80664670e-02
6.25500143e-01, 4.80664670e-02, 0.00000000e+00, 6.25500143e-01, 4.80664670e-02
6.36571527e-01, 4.70892526e-02, 1.00000000e+00, 6.36571527e-01, 4.70892526e-02
6.36571527e-01, 4.70892526e-02, 0.00000000e+00, 6.36571527e-01, 4.70892526e-02
6.47605598e-01, 4.60876524e-02, 1.00000000e+00, 6.47605598e-01, 4.60876524e-02
6.47605598e-01, 4.60876524e-02, 0.00000000e+00, 6.47605598e-01, 4.60876524e-02
6.58598661e-01, 4.50664163e-02, 1.00000000e+00, 6.58598661e-01, 4.50664163e-02
6.58598661e-01, 4.50664163e-02, 0.00000000e+00, 6.58598661e-01, 4.50664163e-02
6.69553041e-01, 4.40155156e-02, 1.00000000e+00, 6.69553041e-01, 4.40155156e-02
6.69553041e-01, 4.40155156e-02, 0.00000000e+00, 6.69553041e-01, 4.40155156e-02
6.80469155e-01, 4.29520011e-02, 1.00000000e+00, 6.80469155e-01, 4.29520011e-02
6.80469155e-01, 4.29520011e-02, 0.00000000e+00, 6.80469155e-01, 4.29520011e-02
6.91346347e-01, 4.18632515e-02, 1.00000000e+00, 6.91346347e-01, 4.18632515e-02
6.91346347e-01, 4.18632515e-02, 0.00000000e+00, 6.91346347e-01, 4.18632515e-02
7.02185929e-01, 4.07660902e-02, 1.00000000e+00, 7.02185929e-01, 4.07660902e-02
7.02185929e-01, 4.07660902e-02, 0.00000000e+00, 7.02185929e-01, 4.07660902e-02
7.12986767e-01, 3.96417826e-02, 1.00000000e+00, 7.12986767e-01, 3.96417826e-02
7.12986767e-01, 3.96417826e-02, 0.00000000e+00, 7.12986767e-01, 3.96417826e-02
7.23747253e-01, 3.84900719e-02, 1.00000000e+00, 7.23747253e-01, 3.84900719e-02
7.23747253e-01, 3.84900719e-02, 0.00000000e+00, 7.23747253e-01, 3.84900719e-02
7.34472930e-01, 3.73341478e-02, 1.00000000e+00, 7.34472930e-01, 3.73341478e-02
7.34472930e-01, 3.73341478e-02, 0.00000000e+00, 7.34472930e-01, 3.73341478e-02
7.45157599e-01, 3.61491404e-02, 1.00000000e+00, 7.45157599e-01, 3.61491404e-02
7.45157599e-01, 3.61491404e-02, 0.00000000e+00, 7.45157599e-01, 3.61491404e-02
7.55806208e-01, 3.49511504e-02, 1.00000000e+00, 7.55806208e-01, 3.49511504e-02
7.55806208e-01, 3.49511504e-02, 0.00000000e+00, 7.55806208e-01, 3.49511504e-02
7.66416669e-01, 3.37410308e-02, 1.00000000e+00, 7.66416669e-01, 3.37410308e-02
7.66416669e-01, 3.37410308e-02, 0.00000000e+00, 7.66416669e-01, 3.37410308e-02
7.76988506e-01, 3.25028896e-02, 1.00000000e+00, 7.76988506e-01, 3.25028896e-02
7.76988506e-01, 3.25028896e-02, 0.00000000e+00, 7.76988506e-01, 3.25028896e-02
7.87524283e-01, 3.12611461e-02, 1.00000000e+00, 7.87524283e-01, 3.12611461e-02
7.87524283e-01, 3.12611461e-02, 0.00000000e+00, 7.87524283e-01, 3.12611461e-02
7.98021436e-01, 2.99929157e-02, 1.00000000e+00, 7.98021436e-01, 2.99929157e-02
7.98021436e-01, 2.99929157e-02, 0.00000000e+00, 7.98021436e-01, 2.99929157e-02
8.08481514e-01, 2.87093502e-02, 1.00000000e+00, 8.08481514e-01, 2.87093502e-02
8.08481514e-01, 2.87093502e-02, 0.00000000e+00, 8.08481514e-01, 2.87093502e-02
8.18903506e-01, 2.74100471e-02, 1.00000000e+00, 8.18903506e-01, 2.74100471e-02
8.18903506e-01, 2.74100471e-02, 0.00000000e+00, 8.18903506e-01, 2.74100471e-02
8.29288900e-01, 2.60957312e-02, 1.00000000e+00, 8.29288900e-01, 2.60957312e-02
8.29288900e-01, 2.60957312e-02, 0.00000000e+00, 8.29288900e-01, 2.60957312e-02
8.39637518e-01, 2.47667879e-02, 1.00000000e+00, 8.39637518e-01, 2.47667879e-02
8.39637518e-01, 2.47667879e-02, 0.00000000e+00, 8.39637518e-01, 2.47667879e-02
8.49949241e-01, 2.34229900e-02, 1.00000000e+00, 8.49949241e-01, 2.34229900e-02
8.49949241e-01, 2.34229900e-02, 0.00000000e+00, 8.49949241e-01, 2.34229900e-02
8.60224903e-01, 2.20653117e-02, 1.00000000e+00, 8.60224903e-01, 2.20653117e-02
8.60224903e-01, 2.20653117e-02, 0.00000000e+00, 8.60224903e-01, 2.20653117e-02
8.70459914e-01, 2.06799489e-02, 1.00000000e+00, 8.70459914e-01, 2.06799489e-02
8.70459914e-01, 2.06799489e-02, 0.00000000e+00, 8.70459914e-01, 2.06799489e-02
8.80662203e-01, 1.92875024e-02, 1.00000000e+00, 8.80662203e-01, 1.92875024e-02
8.80662203e-01, 1.92875024e-02, 0.00000000e+00, 8.80662203e-01, 1.92875024e-02
8.90825093e-01, 1.78789347e-02, 1.00000000e+00, 8.90825093e-01, 1.78789347e-02
8.90825093e-01, 1.78789347e-02, 0.00000000e+00, 8.90825093e-01, 1.78789347e-02
9.00951385e-01, 1.64463744e-02, 1.00000000e+00, 9.00951385e-01, 1.64463744e-02
9.00951385e-01, 1.64463744e-02, 0.00000000e+00, 9.00951385e-01, 1.64463744e-02
9.11041915e-01, 1.49934040e-02, 1.00000000e+00, 9.11041915e-01, 1.49934040e-02
9.11041915e-01, 1.49934040e-02, 0.00000000e+00, 9.11041915e-01, 1.49934040e-02
9.21090662e-01, 1.35108912e-02, 1.00000000e+00, 9.21090662e-01, 1.35108912e-02
9.21090662e-01, 1.35108912e-02, 0.00000000e+00, 9.21090662e-01, 1.35108912e-02
9.31110322e-01, 1.20158214e-02, 1.00000000e+00, 9.31110322e-01, 1.20158214e-02
9.31110322e-01, 1.20158214e-02, 0.00000000e+00, 9.31110322e-01, 1.20158214e-02
9.41085339e-01, 1.04847522e-02, 1.00000000e+00, 9.41085339e-01, 1.04847522e-02
9.41085339e-01, 1.04847522e-02, 0.00000000e+00, 9.41085339e-01, 1.04847522e-02
9.51011896e-01, 8.89170170e-03, 1.00000000e+00, 9.51011896e-01, 8.89170170e-03
9.51011896e-01, 8.89170170e-03, 0.00000000e+00, 9.51011896e-01, 8.89170170e-03
9.60898876e-01, 7.21184909e-03, 1.00000000e+00, 9.60898876e-01, 7.21184909e-03
9.60898876e-01, 7.21184909e-03, 0.00000000e+00, 9.60898876e-01, 7.21184909e-03
9.70734477e-01, 5.43904398e-03, 1.00000000e+00, 9.70734477e-01, 5.43904398e-03
9.70734477e-01, 5.43904398e-03, 0.00000000e+00, 9.70734477e-01, 5.43904398e-03
9.80538487e-01, 3.58420680e-03, 1.00000000e+00, 9.80538487e-01, 3.58420680e-03
9.80538487e-01, 3.58420680e-03, 0.00000000e+00, 9.80538487e-01, 3.58420680e-03
9.90343094e-01, 1.69973238e-03, 1.00000000e+00, 9.90343094e-01, 1.69973238e-03
9.90343094e-01, 1.69973238e-03, 0.00000000e+00, 9.90343094e-01, 1.69973238e-03
1.00000000e+00, 0.00000000e+00, 0.00000000e+00, 1.00000000e+00, 0.00000000e+00
1.00000000e+00, 0.00000000e+00, 1.00000000e+00, 1.00000000e+00, 0.00000000e+00
-2.05236906e-03, -2.04865530e-04, 0.00000000e+00, -2.05236906e-03, -2.04865530e-04
-2.05236906e-03, -2.04865530e-04, 1.00000000e+00, -2.05236906e-03, -2.04865530e-04
9.05585650e-04, 6.17740583e-03, 1.00000000e+00, 9.05585650e-04, 6.17740583e-03
9.05585650e-04, 6.17740583e-03, 0.00000000e+00, 9.05585650e-04, 6.17740583e-03
6.79819100e-03, 1.08266212e-02, 1.00000000e+00, 6.79819100e-03, 1.08266212e-02
6.79819100e-03, 1.08266212e-02, 0.00000000e+00, 6.79819100e-03, 1.08266212e-02
1.28016816e-02, 1.46543942e-02, 1.00000000e+00, 1.28016816e-02, 1.46543942e-02
1.28016816e-02, 1.46543942e-02, 0.00000000e+00, 1.28016816e-02, 1.46543942e-02
1.88671649e-02, 1.83225386e-02, 1.00000000e+00, 1.88671649e-02, 1.83225386e-02
1.88671649e-02, 1.83225386e-02, 0.00000000e+00, 1.88671649e-02, 1.83225386e-02
2.53067706e-02, 2.16438584e-02, 1.00000000e+00, 2.53067706e-02, 2.16438584e-02
2.53067706e-02, 2.16438584e-02, 0.00000000e+00, 2.53067706e-02, 2.16438584e-02
3.20846103e-02, 2.47020572e-02, 1.00000000e+00, 3.20846103e-02, 2.47020572e-02
3.20846103e-02, 2.47020572e-02, 0.00000000e+00, 3.20846103e-02, 2.47020572e-02
3.91464047e-02, 2.75290404e-02, 1.00000000e+00, 3.91464047e-02, 2.75290404e-02
3.91464047e-02, 2.75290404e-02, 0.00000000e+00, 3.91464047e-02, 2.75290404e-02
4.64197025e-02, 3.01435031e-02, 1.00000000e+00, 4.64197025e-02, 3.01435031e-02
4.64197025e-02, 3.01435031e-02, 0.00000000e+00, 4.64197025e-02, 3.01435031e-02
5.39332479e-02, 3.25794704e-02, 1.00000000e+00, 5.39332479e-02, 3.25794704e-02
5.39332479e-02, 3.25794704e-02, 0.00000000e+00, 5.39332479e-02, 3.25794704e-02
6.16733022e-02, 3.48734520e-02, 1.00000000e+00, 6.16733022e-02, 3.48734520e-02
6.16733022e-02, 3.48734520e-02, 0.00000000e+00, 6.16733022e-02, 3.48734520e-02
6.96320310e-02, 3.70292030e-02, 1.00000000e+00, 6.96320310e-02, 3.70292030e-02
6.96320310e-02, 3.70292030e-02, 0.00000000e+00, 6.96320310e-02, 3.70292030e-02
7.77982175e-02, 3.90780158e-02, 1.00000000e+00, 7.77982175e-02, 3.90780158e-02
7.77982175e-02, 3.90780158e-02, 0.00000000e+00, 7.77982175e-02, 3.90780158e-02
8.61699283e-02, 4.09998856e-02, 1.00000000e+00, 8.61699283e-02, 4.09998856e-02
8.61699283e-02, 4.09998856e-02, 0.00000000e+00, 8.61699283e-02, 4.09998856e-02
9.47513878e-02, 4.28290293e-02, 1.00000000e+00, 9.47513878e-02, 4.28290293e-02
9.47513878e-02, 4.28290293e-02, 0.00000000e+00, 9.47513878e-02, 4.28290293e-02
1.03547312e-01, 4.45542559e-02, 1.00000000e+00, 1.03547312e-01, 4.45542559e-02
1.03547312e-01, 4.45542559e-02, 0.00000000e+00, 1.03547312e-01, 4.45542559e-02
1.12553313e-01, 4.61924151e-02, 1.00000000e+00, 1.12553313e-01, 4.61924151e-02
1.12553313e-01, 4.61924151e-02, 0.00000000e+00, 1.12553313e-01, 4.61924151e-02
1.21769153e-01, 4.77376953e-02, 1.00000000e+00, 1.21769153e-01, 4.77376953e-02
1.21769153e-01, 4.77376953e-02, 0.00000000e+00, 1.21769153e-01, 4.77376953e-02
1.31201208e-01, 4.91942205e-02, 1.00000000e+00, 1.31201208e-01, 4.91942205e-02
1.31201208e-01, 4.91942205e-02, 0.00000000e+00, 1.31201208e-01, 4.91942205e-02
1.40850797e-01, 5.05799279e-02, 1.00000000e+00, 1.40850797e-01, 5.05799279e-02
1.40850797e-01, 5.05799279e-02, 0.00000000e+00, 1.40850797e-01, 5.05799279e-02
1.50717884e-01, 5.18699512e-02, 1.00000000e+00, 1.50717884e-01, 5.18699512e-02
1.50717884e-01, 5.18699512e-02, 0.00000000e+00, 1.50717884e-01, 5.18699512e-02
1.60810530e-01, 5.30862585e-02, 1.00000000e+00, 1.60810530e-01, 5.30862585e-02
1.60810530e-01, 5.30862585e-02, 0.00000000e+00, 1.60810530e-01, 5.30862585e-02
1.71127886e-01, 5.42240366e-02, 1.00000000e+00, 1.71127886e-01, 5.42240366e-02
1.71127886e-01, 5.42240366e-02, 0.00000000e+00, 1.71127886e-01, 5.42240366e-02
1.81674600e-01, 5.52858934e-02, 1.00000000e+00, 1.81674600e-01, 5.52858934e-02
1.81674600e-01, 5.52858934e-02, 0.00000000e+00, 1.81674600e-01, 5.52858934e-02
1.92455694e-01, 5.62688224e-02, 1.00000000e+00, 1.92455694e-01, 5.62688224e-02
1.92455694e-01, 5.62688224e-02, 0.00000000e+00, 1.92455694e-01, 5.62688224e-02
2.03473002e-01, 5.71705513e-02, 1.00000000e+00, 2.03473002e-01, 5.71705513e-02
2.03473002e-01, 5.71705513e-02, 0.00000000e+00, 2.03473002e-01, 5.71705513e-02
2.14732364e-01, 5.79988733e-02, 1.00000000e+00, 2.14732364e-01, 5.79988733e-02
2.14732364e-01, 5.79988733e-02, 0.00000000e+00, 2.14732364e-01, 5.79988733e-02
2.26237044e-01, 5.87416738e-02, 1.00000000e+00, 2.26237044e-01, 5.87416738e-02
2.26237044e-01, 5.87416738e-02, 0.00000000e+00, 2.26237044e-01, 5.87416738e-02
2.37990648e-01, 5.94179742e-02, 1.00000000e+00, 2.37990648e-01, 5.94179742e-02
2.37990648e-01, 5.94179742e-02, 0.00000000e+00, 2.37990648e-01, 5.94179742e-02
2.48001097e-03, -5.86328283e-03, 0.00000000e+00, 2.48001097e-03, -5.86328283e-03
2.48001097e-03, -5.86328283e-03, 1.00000000e+00, 2.48001097e-03, -5.86328283e-03
8.94009974e-03, -8.65123514e-03, 0.00000000e+00, 8.94009974e-03, -8.65123514e-03
8.94009974e-03, -8.65123514e-03, 1.00000000e+00, 8.94009974e-03, -8.65123514e-03
1.52570838e-02, -1.10447770e-02, 0.00000000e+00, 1.52570838e-02, -1.10447770e-02
1.52570838e-02, -1.10447770e-02, 1.00000000e+00, 1.52570838e-02, -1.10447770e-02
2.18018591e-02, -1.30700525e-02, 0.00000000e+00, 2.18018591e-02, -1.30700525e-02
2.18018591e-02, -1.30700525e-02, 1.00000000e+00, 2.18018591e-02, -1.30700525e-02
2.86936555e-02, -1.48430420e-02, 0.00000000e+00, 2.86936555e-02, -1.48430420e-02
2.86936555e-02, -1.48430420e-02, 1.00000000e+00, 2.86936555e-02, -1.48430420e-02
3.56977955e-02, -1.63247250e-02, 0.00000000e+00, 3.56977955e-02, -1.63247250e-02
3.56977955e-02, -1.63247250e-02, 1.00000000e+00, 3.56977955e-02, -1.63247250e-02
4.29241396e-02, -1.76250320e-02, 0.00000000e+00, 4.29241396e-02, -1.76250320e-02
4.29241396e-02, -1.76250320e-02, 1.00000000e+00, 4.29241396e-02, -1.76250320e-02
5.03476858e-02, -1.87692698e-02, 0.00000000e+00, 5.03476858e-02, -1.87692698e-02
5.03476858e-02, -1.87692698e-02, 1.00000000e+00, 5.03476858e-02, -1.87692698e-02
5.79449162e-02, -1.98097359e-02, 0.00000000e+00, 5.79449162e-02, -1.98097359e-02
5.79449162e-02, -1.98097359e-02, 1.00000000e+00, 5.79449162e-02, -1.98097359e-02
6.57127798e-02, -2.07481906e-02, 0.00000000e+00, 6.57127798e-02, -2.07481906e-02
6.57127798e-02, -2.07481906e-02, 1.00000000e+00, 6.57127798e-02, -2.07481906e-02
7.36590475e-02, -2.15968750e-02, 0.00000000e+00, 7.36590475e-02, -2.15968750e-02
7.36590475e-02, -2.15968750e-02, 1.00000000e+00, 7.36590475e-02, -2.15968750e-02
8.17804188e-02, -2.23652460e-02, 0.00000000e+00, 8.17804188e-02, -2.23652460e-02
8.17804188e-02, -2.23652460e-02, 1.00000000e+00, 8.17804188e-02, -2.23652460e-02
9.00761485e-02, -2.30631996e-02, 0.00000000e+00, 9.00761485e-02, -2.30631996e-02
9.00761485e-02, -2.30631996e-02, 1.00000000e+00, 9.00761485e-02, -2.30631996e-02
9.85576734e-02, -2.36910488e-02, 0.00000000e+00, 9.85576734e-02, -2.36910488e-02
9.85576734e-02, -2.36910488e-02, 1.00000000e+00, 9.85576734e-02, -2.36910488e-02
1.07224718e-01, -2.42640469e-02, 0.00000000e+00, 1.07224718e-01, -2.42640469e-02
1.07224718e-01, -2.42640469e-02, 1.00000000e+00, 1.07224718e-01, -2.42640469e-02
1.16079092e-01, -2.47901306e-02, 0.00000000e+00, 1.16079092e-01, -2.47901306e-02
1.16079092e-01, -2.47901306e-02, 1.00000000e+00, 1.16079092e-01, -2.47901306e-02
1.25127643e-01, -2.52535325e-02, 0.00000000e+00, 1.25127643e-01, -2.52535325e-02
1.25127643e-01, -2.52535325e-02, 1.00000000e+00, 1.25127643e-01, -2.52535325e-02
1.34365827e-01, -2.56862771e-02, 0.00000000e+00, 1.34365827e-01, -2.56862771e-02
1.34365827e-01, -2.56862771e-02, 1.00000000e+00, 1.34365827e-01, -2.56862771e-02
1.43804848e-01, -2.60668118e-02, 0.00000000e+00, 1.43804848e-01, -2.60668118e-02
1.43804848e-01, -2.60668118e-02, 1.00000000e+00, 1.43804848e-01, -2.60668118e-02
1.53445333e-01, -2.64046583e-02, 0.00000000e+00, 1.53445333e-01, -2.64046583e-02
1.53445333e-01, -2.64046583e-02, 1.00000000e+00, 1.53445333e-01, -2.64046583e-02
1.63291991e-01, -2.67091580e-02, 0.00000000e+00, 1.63291991e-01, -2.67091580e-02
1.63291991e-01, -2.67091580e-02, 1.00000000e+00, 1.63291991e-01, -2.67091580e-02
1.73349768e-01, -2.69701984e-02, 0.00000000e+00, 1.73349768e-01, -2.69701984e-02
1.73349768e-01, -2.69701984e-02, 1.00000000e+00, 1.73349768e-01, -2.69701984e-02
1.83619723e-01, -2.71997005e-02, 0.00000000e+00, 1.83619723e-01, -2.71997005e-02
1.83619723e-01, -2.71997005e-02, 1.00000000e+00, 1.83619723e-01, -2.71997005e-02
1.94110155e-01, -2.73944307e-02, 0.00000000e+00, 1.94110155e-01, -2.73944307e-02
1.94110155e-01, -2.73944307e-02, 1.00000000e+00, 1.94110155e-01, -2.73944307e-02
2.04822287e-01, -2.75524501e-02, 0.00000000e+00, 2.04822287e-01, -2.75524501e-02
2.04822287e-01, -2.75524501e-02, 1.00000000e+00, 2.04822287e-01, -2.75524501e-02
2.15764001e-01, -2.76723336e-02, 0.00000000e+00, 2.15764001e-01, -2.76723336e-02
2.15764001e-01, -2.76723336e-02, 1.00000000e+00, 2.15764001e-01, -2.76723336e-02
2.26936355e-01, -2.77643390e-02, 0.00000000e+00, 2.26936355e-01, -2.77643390e-02
2.26936355e-01, -2.77643390e-02, 1.00000000e+00, 2.26936355e-01, -2.77643390e-02
2.38373309e-01, -2.78249308e-02, 0.00000000e+00, 2.38373309e-01, -2.78249308e-02
2.38373309e-01, -2.78249308e-02, 1.00000000e+00, 2.38373309e-01, -2.78249308e-02
2.50000000e-01, -2.78473068e-02, 0.00000000e+00, 2.50000000e-01, -2.78473068e-02
2.50000000e-01, -2.78473068e-02, 1.00000000e+00, 2.50000000e-01, -2.78473068e-02
2.61633903e-01, -2.78458744e-02, 0.00000000e+00, 2.61633903e-01, -2.78458744e-02
2.61633903e-01, -2.78458744e-02, 1.00000000e+00, 2.61633903e-01, -2.78458744e-02
2.73230255e-01, -2.78147664e-02, 0.00000000e+00, 2.73230255e-01, -2.78147664e-02
2.73230255e-01, -2.78147664e-02, 1.00000000e+00, 2.73230255e-01, -2.78147664e-02
2.84790814e-01, -2.77527794e-02, 0.00000000e+00, 2.84790814e-01, -2.77527794e-02
2.84790814e-01, -2.77527794e-02, 1.00000000e+00, 2.84790814e-01, -2.77527794e-02
2.96314865e-01, -2.76762825e-02, 0.00000000e+00, 2.96314865e-01, -2.76762825e-02
2.96314865e-01, -2.76762825e-02, 1.00000000e+00, 2.96314865e-01, -2.76762825e-02
3.07802260e-01, -2.75677238e-02, 0.00000000e+00, 3.07802260e-01, -2.75677238e-02
3.07802260e-01, -2.75677238e-02, 1.00000000e+00, 3.07802260e-01, -2.75677238e-02
3.19253564e-01, -2.74356194e-02, 0.00000000e+00, 3.19253564e-01, -2.74356194e-02
3.19253564e-01, -2.74356194e-02, 1.00000000e+00, 3.19253564e-01, -2.74356194e-02
3.30668956e-01, -2.72854622e-02, 0.00000000e+00, 3.30668956e-01, -2.72854622e-02
3.30668956e-01, -2.72854622e-02, 1.00000000e+00, 3.30668956e-01, -2.72854622e-02
3.42048019e-01, -2.71138661e-02, 0.00000000e+00, 3.42048019e-01, -2.71138661e-02
3.42048019e-01, -2.71138661e-02, 1.00000000e+00, 3.42048019e-01, -2.71138661e-02
3.53391051e-01, -2.69296747e-02, 0.00000000e+00, 3.53391051e-01, -2.69296747e-02
3.53391051e-01, -2.69296747e-02, 1.00000000e+00, 3.53391051e-01, -2.69296747e-02
3.64698291e-01, -2.67236885e-02, 0.00000000e+00, 3.64698291e-01, -2.67236885e-02
3.64698291e-01, -2.67236885e-02, 1.00000000e+00, 3.64698291e-01, -2.67236885e-02
3.75969410e-01, -2.64953393e-02, 0.00000000e+00, 3.75969410e-01, -2.64953393e-02
3.75969410e-01, -2.64953393e-02, 1.00000000e+00, 3.75969410e-01, -2.64953393e-02
3.87204945e-01, -2.62562279e-02, 0.00000000e+00, 3.87204945e-01, -2.62562279e-02
3.87204945e-01, -2.62562279e-02, 1.00000000e+00, 3.87204945e-01, -2.62562279e-02
3.98405194e-01, -2.60005575e-02, 0.00000000e+00, 3.98405194e-01, -2.60005575e-02
3.98405194e-01, -2.60005575e-02, 1.00000000e+00, 3.98405194e-01, -2.60005575e-02
4.09569383e-01, -2.57233940e-02, 0.00000000e+00, 4.09569383e-01, -2.57233940e-02
4.09569383e-01, -2.57233940e-02, 1.00000000e+00, 4.09569383e-01, -2.57233940e-02
4.20698673e-01, -2.54399721e-02, 0.00000000e+00, 4.20698673e-01, -2.54399721e-02
4.20698673e-01, -2.54399721e-02, 1.00000000e+00, 4.20698673e-01, -2.54399721e-02
4.31792468e-01, -2.51361001e-02, 0.00000000e+00, 4.31792468e-01, -2.51361001e-02
4.31792468e-01, -2.51361001e-02, 1.00000000e+00, 4.31792468e-01, -2.51361001e-02
4.42849994e-01, -2.48142276e-02, 0.00000000e+00, 4.42849994e-01, -2.48142276e-02
4.42849994e-01, -2.48142276e-02, 1.00000000e+00, 4.42849994e-01, -2.48142276e-02
4.53873754e-01, -2.44846456e-02, 0.00000000e+00, 4.53873754e-01, -2.44846456e-02
4.53873754e-01, -2.44846456e-02, 1.00000000e+00, 4.53873754e-01, -2.44846456e-02
4.64861631e-01, -2.41335984e-02, 0.00000000e+00, 4.64861631e-01, -2.41335984e-02
4.64861631e-01, -2.41335984e-02, 1.00000000e+00, 4.64861631e-01, -2.41335984e-02
4.75814730e-01, -2.37706807e-02, 0.00000000e+00, 4.75814730e-01, -2.37706807e-02
4.75814730e-01, -2.37706807e-02, 1.00000000e+00, 4.75814730e-01, -2.37706807e-02
4.86733228e-01, -2.33833548e-02, 0.00000000e+00, 4.86733228e-01, -2.33833548e-02
4.86733228e-01, -2.33833548e-02, 1.00000000e+00, 4.86733228e-01, -2.33833548e-02
4.97616559e-01, -2.29874495e-02, 0.00000000e+00, 4.97616559e-01, -2.29874495e-02
4.97616559e-01, -2.29874495e-02, 1.00000000e+00, 4.97616559e-01, -2.29874495e-02
5.08463919e-01, -2.25706063e-02, 0.00000000e+00, 5.08463919e-01, -2.25706063e-02
5.08463919e-01, -2.25706063e-02, 1.00000000e+00, 5.08463919e-01, -2.25706063e-02
5.19278407e-01, -2.21251361e-02, 0.00000000e+00, 5.19278407e-01, -2.21251361e-02
5.19278407e-01, -2.21251361e-02, 1.00000000e+00, 5.19278407e-01, -2.21251361e-02
5.30055404e-01, -2.16595959e-02, 0.00000000e+00, 5.30055404e-01, -2.16595959e-02
5.30055404e-01, -2.16595959e-02, 1.00000000e+00, 5.30055404e-01, -2.16595959e-02
5.40800333e-01, -2.11779308e-02, 0.00000000e+00, 5.40800333e-01, -2.11779308e-02
5.40800333e-01, -2.11779308e-02, 1.00000000e+00, 5.40800333e-01, -2.11779308e-02
5.51506758e-01, -2.06526686e-02, 0.00000000e+00, 5.51506758e-01, -2.06526686e-02
5.51506758e-01, -2.06526686e-02, 1.00000000e+00, 5.51506758e-01, -2.06526686e-02
5.62179685e-01, -2.01066956e-02, 0.00000000e+00, 5.62179685e-01, -2.01066956e-02
5.62179685e-01, -2.01066956e-02, 1.00000000e+00, 5.62179685e-01, -2.01066956e-02
5.72817206e-01, -1.95237901e-02, 0.00000000e+00, 5.72817206e-01, -1.95237901e-02
5.72817206e-01, -1.95237901e-02, 1.00000000e+00, 5.72817206e-01, -1.95237901e-02
5.83419144e-01, -1.89079214e-02, 0.00000000e+00, 5.83419144e-01, -1.89079214e-02
5.83419144e-01, -1.89079214e-02, 1.00000000e+00, 5.83419144e-01, -1.89079214e-02
5.93986213e-01, -1.82700157e-02, 0.00000000e+00, 5.93986213e-01, -1.82700157e-02
5.93986213e-01, -1.82700157e-02, 1.00000000e+00, 5.93986213e-01, -1.82700157e-02
6.04519486e-01, -1.76045466e-02, 0.00000000e+00, 6.04519486e-01, -1.76045466e-02
6.04519486e-01, -1.76045466e-02, 1.00000000e+00, 6.04519486e-01, -1.76045466e-02
6.15016997e-01, -1.69287380e-02, 0.00000000e+00, 6.15016997e-01, -1.69287380e-02
6.15016997e-01, -1.69287380e-02, 1.00000000e+00, 6.15016997e-01, -1.69287380e-02
6.25480711e-01, -1.62243489e-02, 0.00000000e+00, 6.25480711e-01, -1.62243489e-02
6.25480711e-01, -1.62243489e-02, 1.00000000e+00, 6.25480711e-01, -1.62243489e-02
6.35912299e-01, -1.55169917e-02, 0.00000000e+00, 6.35912299e-01, -1.55169917e-02
6.35912299e-01, -1.55169917e-02, 1.00000000e+00, 6.35912299e-01, -1.55169917e-02
6.46308243e-01, -1.47952829e-02, 0.00000000e+00, 6.46308243e-01, -1.47952829e-02
6.46308243e-01, -1.47952829e-02, 1.00000000e+00, 6.46308243e-01, -1.47952829e-02
6.56671107e-01, -1.40661364e-02, 0.00000000e+00, 6.56671107e-01, -1.40661364e-02
6.56671107e-01, -1.40661364e-02, 1.00000000e+00, 6.56671107e-01, -1.40661364e-02
6.67003632e-01, -1.33401155e-02, 0.00000000e+00, 6.67003632e-01, -1.33401155e-02
6.67003632e-01, -1.33401155e-02, 1.00000000e+00, 6.67003632e-01, -1.33401155e-02
6.77300572e-01, -1.26084229e-02, 0.00000000e+00, 6.77300572e-01, -1.26084229e-02
6.77300572e-01, -1.26084229e-02, 1.00000000e+00, 6.77300572e-01, -1.26084229e-02
6.87567770e-01, -1.18892556e-02, 0.00000000e+00, 6.87567770e-01, -1.18892556e-02
6.87567770e-01, -1.18892556e-02, 1.00000000e+00, 6.87567770e-01, -1.18892556e-02
6.97801411e-01, -1.11709088e-02, 0.00000000e+00, 6.97801411e-01, -1.11709088e-02
6.97801411e-01, -1.11709088e-02, 1.00000000e+00, 6.97801411e-01, -1.11709088e-02
7.08003998e-01, -1.04540233e-02, 0.00000000e+00, 7.08003998e-01, -1.04540233e-02
7.08003998e-01, -1.04540233e-02, 1.00000000e+00, 7.08003998e-01, -1.04540233e-02
7.18173742e-01, -9.74973477e-03, 0.00000000e+00, 7.18173742e-01, -9.74973477e-03
7.18173742e-01, -9.74973477e-03, 1.00000000e+00, 7.18173742e-01, -9.74973477e-03
7.28312969e-01, -9.04964842e-03, 0.00000000e+00, 7.28312969e-01, -9.04964842e-03
7.28312969e-01, -9.04964842e-03, 1.00000000e+00, 7.28312969e-01, -9.04964842e-03
7.38421440e-01, -8.36564228e-03, 0.00000000e+00, 7.38421440e-01, -8.36564228e-03
7.38421440e-01, -8.36564228e-03, 1.00000000e+00, 7.38421440e-01, -8.36564228e-03
7.48496652e-01, -7.68624526e-03, 0.00000000e+00, 7.48496652e-01, -7.68624526e-03
7.48496652e-01, -7.68624526e-03, 1.00000000e+00, 7.48496652e-01, -7.68624526e-03
7.58543730e-01, -7.03192689e-03, 0.00000000e+00, 7.58543730e-01, -7.03192689e-03
7.58543730e-01, -7.03192689e-03, 1.00000000e+00, 7.58543730e-01, -7.03192689e-03
7.68558860e-01, -6.38509635e-03, 0.00000000e+00, 7.68558860e-01, -6.38509635e-03
7.68558860e-01, -6.38509635e-03, 1.00000000e+00, 7.68558860e-01, -6.38509635e-03
7.78542697e-01, -5.75814256e-03, 0.00000000e+00, 7.78542697e-01, -5.75814256e-03
7.78542697e-01, -5.75814256e-03, 1.00000000e+00, 7.78542697e-01, -5.75814256e-03
7.88497984e-01, -5.14825061e-03, 0.00000000e+00, 7.88497984e-01, -5.14825061e-03
7.88497984e-01, -5.14825061e-03, 1.00000000e+00, 7.88497984e-01, -5.14825061e-03
7.98421860e-01, -4.55210591e-03, 0.00000000e+00, 7.98421860e-01, -4.55210591e-03
7.98421860e-01, -4.55210591e-03, 1.00000000e+00, 7.98421860e-01, -4.55210591e-03
8.08315277e-01, -3.98280751e-03, 0.00000000e+00, 8.08315277e-01, -3.98280751e-03
8.08315277e-01, -3.98280751e-03, 1.00000000e+00, 8.08315277e-01, -3.98280751e-03
8.18179369e-01, -3.43156024e-03, 0.00000000e+00, 8.18179369e-01, -3.43156024e-03
8.18179369e-01, -3.43156024e-03, 1.00000000e+00, 8.18179369e-01, -3.43156024e-03
8.28014433e-01, -2.90500931e-03, 0.00000000e+00, 8.28014433e-01, -2.90500931e-03
8.28014433e-01, -2.90500931e-03, 1.00000000e+00, 8.28014433e-01, -2.90500931e-03
8.37819040e-01, -2.40445789e-03, 0.00000000e+00, 8.37819040e-01, -2.40445789e-03
8.37819040e-01, -2.40445789e-03, 1.00000000e+00, 8.37819040e-01, -2.40445789e-03
8.47593427e-01, -1.93384208e-03, 0.00000000e+00, 8.47593427e-01, -1.93384208e-03
8.47593427e-01, -1.93384208e-03, 1.00000000e+00, 8.47593427e-01, -1.93384208e-03
8.57340753e-01, -1.48143270e-03, 0.00000000e+00, 8.57340753e-01, -1.48143270e-03
8.57340753e-01, -1.48143270e-03, 1.00000000e+00, 8.57340753e-01, -1.48143270e-03
8.67056072e-01, -1.06459332e-03, 0.00000000e+00, 8.67056072e-01, -1.06459332e-03
8.67056072e-01, -1.06459332e-03, 1.00000000e+00, 8.67056072e-01, -1.06459332e-03
8.76743019e-01, -6.75613643e-04, 0.00000000e+00, 8.76743019e-01, -6.75613643e-04
8.76743019e-01, -6.75613643e-04, 1.00000000e+00, 8.76743019e-01, -6.75613643e-04
8.86401713e-01, -3.19572311e-04, 0.00000000e+00, 8.86401713e-01, -3.19572311e-04
8.86401713e-01, -3.19572311e-04, 1.00000000e+00, 8.86401713e-01, -3.19572311e-04
8.96031201e-01, 2.93764242e-06, 0.00000000e+00, 8.96031201e-01, 2.93764242e-06
8.96031201e-01, 2.93764242e-06, 1.00000000e+00, 8.96031201e-01, 2.93764242e-06
9.05629575e-01, 2.80826323e-04, 0.00000000e+00, 9.05629575e-01, 2.80826323e-04
9.05629575e-01, 2.80826323e-04, 1.00000000e+00, 9.05629575e-01, 2.80826323e-04
9.15201485e-01, 5.31614118e-04, 0.00000000e+00, 9.15201485e-01, 5.31614118e-04
9.15201485e-01, 5.31614118e-04, 1.00000000e+00, 9.15201485e-01, 5.31614118e-04
9.24742520e-01, 7.26256985e-04, 0.00000000e+00, 9.24742520e-01, 7.26256985e-04
9.24742520e-01, 7.26256985e-04, 1.00000000e+00, 9.24742520e-01, 7.26256985e-04
9.34255064e-01, 8.80443084e-04, 0.00000000e+00, 9.34255064e-01, 8.80443084e-04
9.34255064e-01, 8.80443084e-04, 1.00000000e+00, 9.34255064e-01, 8.80443084e-04
9.43738639e-01, 9.83708655e-04, 0.00000000e+00, 9.43738639e-01, 9.83708655e-04
9.43738639e-01, 9.83708655e-04, 1.00000000e+00, 9.43738639e-01, 9.83708655e-04
9.53196943e-01, 1.02937350e-03, 0.00000000e+00, 9.53196943e-01, 1.02937350e-03
9.53196943e-01, 1.02937350e-03, 1.00000000e+00, 9.53196943e-01, 1.02937350e-03
9.62625444e-01, 1.02212967e-03, 0.00000000e+00, 9.62625444e-01, 1.02212967e-03
9.62625444e-01, 1.02212967e-03, 1.00000000e+00, 9.62625444e-01, 1.02212967e-03
9.72013712e-01, 9.50350775e-04, 0.00000000e+00, 9.72013712e-01, 9.50350775e-04
9.72013712e-01, 9.50350775e-04, 1.00000000e+00, 9.72013712e-01, 9.50350775e-04
9.81422901e-01, 7.76219356e-04, 0.00000000e+00, 9.81422901e-01, 7.76219356e-04
9.81422901e-01, 7.76219356e-04, 1.00000000e+00, 9.81422901e-01, 7.76219356e-04
9.90768969e-01, 4.80516348e-04, 0.00000000e+00, 9.90768969e-01, 4.80516348e-04
9.90768969e-01, 4.80516348e-04, 1.00000000e+00, 9.90768969e-01, 4.80516348e-04
